5284 57.1
3584 117.1
5620 70.4
9198 145.8
6558 94.9
7273 50.8
3310 96.3
3992 65.5
8488 120.5
9153 98
389 111.7
4610 110.6
6080 132.3
3485 114.5
9637 121.4
2432 98.6
6348 112.2
2087 86.1
8171 110.4
4992 128.3
7606 134.8
6488 134.2
2141 61.4
5600 61
1429 64.5
1746 148.8
942 131.3
6518 144.9
834 69.6
1982 107.9
2065 94.4
5758 62.4
2340 63.5
2755 66.4
6794 144.4
4544 96.5
1364 62.4
349 76
159 53.6
6581 96.3
4968 75.9
8606 82.8
6054 147
168 65.9
7962 85.1
5087 62.5
6279 89.3
4766 70.2
1895 112.3
3821 55
7860 54.2
283 105.9
1973 87.4
4241 73.5
6822 79.8
8528 136.3
2902 109
210 55.6
2784 110.3
4496 51.6
4452 139.7
403 130.4
5892 53.9
8007 72.6
7041 84.4
3368 116.8
4835 103.8
1206 140.1
4863 87.3
1417 133
9233 89.4
8580 111.7
9645 144.5
3755 126.7
2271 137.4
9344 143.3
3633 125.5
3034 147.7
3601 102.4
6690 79.4
427 96.6
8612 129.5
3341 135
7099 74.9
3494 139.8
7811 128.3
6108 56.6
9181 114.2
5298 51.2
4607 117.7
8658 109.2
2453 121.5
5780 140.2
5951 60.3
9019 86
7807 91.2
5442 128.6
4572 116
8992 115.7
6124 149.3
1645 130.1
7947 80.9
66 101.3
129 78.6
700 73.2
5571 69.5
294 117.2
7045 107.3
6778 135.8
2559 64
4149 54.9
6862 77.3
9082 106.7
8273 98.3
6089 107.7
6987 132.1
6840 137
9038 128.7
7196 142.7
1293 124.2
6638 54.2
8808 121.6
8281 145.2
6154 144.4
755 89.5
5368 142
7187 145
5386 105.3
2642 74.6
4023 68.1
1698 128.6
3607 112.1
242 89.3
2495 73.9
2885 65.1
2732 127.3
4792 126.8
2060 50.8
2481 104.5
2240 130
9021 77.8
5434 130.3
5277 116.5
2447 138.9
69 118
5871 102.3
3622 74.5
441 77.9
1402 78.5
5002 147.1
122 124.3
4928 111.8
2635 127.4
2401 56.3
2246 129.6
6726 85.9
7176 59.9
3823 130.3
1431 90
9466 64.9
67 96.6
7351 139.8
7725 82.8
3533 52.3
7581 94.9
9797 84.6
6266 126.7
9160 83.7
3383 93.1
2022 149.6
6407 93.1
102 99.5
4299 123.6
7089 110.7
817 83.2
4085 66.8
250 66.4
8426 132.1
3269 87.6
6736 101.7
9101 149.5
6721 82.1
965 128.7
8662 96.9
2652 68.8
7904 121.7
1098 98.9
1672 127.1
6221 145
6383 68.6
8094 68.5
569 133.6
3477 65
1528 120.3
2925 68.8
8170 127.6
1956 86
9281 52.9
2008 98.6
7112 56.4
4075 126.7
5221 140.4
478 54.8
1261 127.4
4143 76.1
1989 66.9
2940 77.4
1594 88.1
2582 139.9
6591 58.1
1468 51.9
7152 136.1
662 67.7
6477 77.4
4412 100.4
4630 121.3
2089 120
5956 107.4
1640 146.4
1852 107.1
6527 79.9
7803 138.7
1437 64.1
6142 98.3
2300 61.4
456 63.4
2606 119.1
8330 84.4
3556 100.5
314 78.2
3082 96.4
6533 90.9
7300 98.6
1028 141.1
8241 58.3
259 133.5
205 135.6
5476 127.9
7410 56.1
6575 127
8290 144.4
5082 133.5
9962 60.5
5034 94
8093 96.6
1476 84.3
4418 141.2
3458 56.2
3215 63.5
5850 122.6
4851 51.5
9825 72.3
4170 56.4
4387 78.4
6931 65.2
5628 57.4
974 107.6
2116 134.1
6073 56.6
268 81.1
2027 84.1
6566 100.8
9578 58.4
8720 120.6
7558 89.1
5161 134
3046 116.5
8563 53.8
83 58.9
3243 118.7
648 92.6
7501 84.4
6284 106.3
1744 136.6
7878 90.2
4824 113.8
7723 69.1
7419 99.8
331 82.7
6621 121.3
4293 133.4
319 140.7
367 114
591 118.8
2764 148.2
7426 57.2
1382 68.4
752 116.5
7118 147.6
4984 149.3
4307 70.7
59 81.5
8065 96
6158 93.1
4950 72.4
4129 116.8
7838 112.2
6041 98.2
6228 110.4
5591 78.6
4227 82.7
6786 114.4
7794 114.4
7261 61.4
9938 88.6
5301 52.9
5829 105.3
8887 141.8
5982 145.3
1022 78
4356 136.3
7770 146.6
4017 125.2
6845 114.7
38 125.9
4632 98.4
713 114.7
1367 138.5
2102 56.2
365 144.3
2820 65.2
153 122
1311 115.1
8680 104
3099 80.2
4945 55.8
1806 91.8
6182 99.7
2230 117.1
3253 128
2649 93.7
6531 143.2
5564 63.4
2739 101.4
791 99.2
823 65.6
1385 70.6
6065 89.3
4862 107.7
9902 51.2
4145 80.5
253 77.9
138 59.2
7158 65.5
1627 82.5
5364 141.6
2689 88.6
9479 137.3
5011 77.2
1580 74.4